A - B
B - C

A: 57.689784, 11.973249
B: 57.727428, 12.004718
C: 57.7295286, 12.0077593